-0.8 -0.7
0.8 -0.7
-0.98 -0.5
-0.98 0.5
-0.90 -0.5
-0.90 0.5
\This is a comment
-0.80 -0.5
-0.80 0.5
-0.70 -0.5
-0.70 0.5
-0.60 -0.5
-0.60 0.5
-0.50 -0.5
-0.50 0.5
-0.40 -0.5
\This is a comment
-0.40 0.5
-0.30 -0.5
-0.30 0.5
-0.20 -0.5
-0.20 0.5
-0.10 -0.5
-0.10 0.5
0.0 -0.5
0.0 0.5
0.10 -0.5
0.10 0.5
0.20 -0.5
0.20 0.5
0.30 -0.5
0.30 0.5
0.40 -0.5
0.40 0.5
0.50 -0.5
0.50 0.5
0.60 -0.5
0.60 0.5
0.70 -0.5
0.70 0.5
0.80 -0.5
0.80 0.5
0.90 -0.5
0.90 0.5
-0.90 -0.9
0.90 0.9
1.0 -1.0
-1.0 1.0
-0.8 0.7
0.8 0.7