\ Outer polygon points, No: 3
0.5 0.25
0.25 0.5
.25 .5
-.25 .5
-.25 .5
-.5 .25
-.5 .25
-.5 -.25
-.5 -.25
-.25 -.5
-.25 -.5
.25 -.5
.25 -.5
.5 -.25
.5 -.25
.5 .25
\ Outer polygon points, No: 2
.375 .25
.25 .375
.25 .375
-.25 .375
-.25 .375
-.375 .25
-.375 .25
-.375 -.25
-.375 -.25
-.25 -.375
-.25 -.375
.25 -.375
.25 -.375
.375 -.25
.375 -.25
.375 .25
\ Outer polygon points, No: 1
.25 .125
.125 .25
.125 .25
-.125 .25
-.125 .25
-.25 .125
-.25 .125
-.25 -.125
-.25 -.125
-.125 -.25
-.125 -.25
.125 -.25
.125 -.25
.25 -.125
.25 -.125
.25 .125